date,China,India
1950.01.01,554419269,376325200
1950.02.01,555710088.9,376829512.1
1950.03.01,557000908.8,377333824.2
1950.04.01,558291728.8,377838136.3
1950.05.01,559582548.7,378342448.3
1950.06.01,560873368.6,378846760.4
1950.07.01,562164188.5,379351072.5
1950.08.01,563455008.4,379855384.6
1950.09.01,564745828.3,380359696.7
1950.10.01,566036648.3,380864008.8
1950.11.01,567327468.2,381368320.8
1950.12.01,568618288.1,381872632.9
1951.01.01,569909108,382376945
1951.02.01,570964723.8,382912122.6
1951.03.01,572020339.5,383447300.2
1951.04.01,573075955.3,383982477.8
1951.05.01,574131571,384517655.3
1951.06.01,575187186.8,385052832.9
1951.07.01,576242802.5,385588010.5
1951.08.01,577298418.3,386123188.1
1951.09.01,578354034,386658365.7
1951.10.01,579409649.8,387193543.3
1951.11.01,580465265.5,387728720.8
1951.12.01,581520881.3,388263898.4
1952.01.01,582576497,388799076
1952.02.01,583475612.4,389361183.4
1952.03.01,584374727.8,389923290.8
1952.04.01,585273843.3,390485398.3
1952.05.01,586172958.7,391047505.7
1952.06.01,587072074.1,391609613.1
1952.07.01,587971189.5,392171720.5
1952.08.01,588870304.9,392733827.9
1952.09.01,589769420.3,393295935.3
1952.10.01,590668535.8,393858042.8
1952.11.01,591567651.2,394420150.2
1952.12.01,592466766.6,394982257.6
1953.01.01,593365882,395544365
1953.02.01,594173084.8,396130550.8
1953.03.01,594980287.7,396716736.5
1953.04.01,595787490.5,397302922.3
1953.05.01,596594693.3,397889108
1953.06.01,597401896.2,398475293.8
1953.07.01,598209099,399061479.5
1953.08.01,599016301.8,399647665.3
1953.09.01,599823504.7,400233851
1953.10.01,600630707.5,400820036.8
1953.11.01,601437910.3,401406222.5
1953.12.01,602245113.2,401992408.3
1954.01.01,603052316,402578594
1954.02.01,603818085.7,403187095
1954.03.01,604583855.3,403795596
1954.04.01,605349625,404404097
1954.05.01,606115394.7,405012598
1954.06.01,606881164.3,405621099
1954.07.01,607646934,406229600
1954.08.01,608412703.7,406838101
1954.09.01,609178473.3,407446602
1954.10.01,609944243,408055103
1954.11.01,610710012.7,408663604
1954.12.01,611475782.3,409272105
1955.01.01,612241552,409880606
1955.02.01,613001692.1,410510789.8
1955.03.01,613761832.2,411140973.5
1955.04.01,614521972.3,411771157.3
1955.05.01,615282112.3,412401341
1955.06.01,616042252.4,413031524.8
1955.07.01,616802392.5,413661708.5
1955.08.01,617562532.6,414291892.3
1955.09.01,618322672.7,414922076
1955.10.01,619082812.8,415552259.8
1955.11.01,619842952.8,416182443.5
1955.12.01,620603092.9,416812627.3
1956.01.01,621363233,417442811
1956.02.01,622139434.3,418095135.8
1956.03.01,622915635.5,418747460.7
1956.04.01,623691836.8,419399785.5
1956.05.01,624468038,420052110.3
1956.06.01,625244239.3,420704435.2
1956.07.01,626020440.5,421356760
1956.08.01,626796641.8,422009084.8
1956.09.01,627572843,422661409.7
1956.10.01,628349044.3,423313734.5
1956.11.01,629125245.5,423966059.3
1956.12.01,629901446.8,424618384.2
1957.01.01,630677648,425270709
1957.02.01,631479158.8,425946564.8
1957.03.01,632280669.5,426622420.5
1957.04.01,633082180.3,427298276.3
1957.05.01,633883691,427974132
1957.06.01,634685201.8,428649987.8
1957.07.01,635486712.5,429325843.5
1957.08.01,636288223.3,430001699.3
1957.09.01,637089734,430677555
1957.10.01,637891244.8,431353410.8
1957.11.01,638692755.5,432029266.5
1957.12.01,639494266.3,432705122.3
1958.01.01,640295777,433380978
1958.02.01,641122189.8,434082444.1
1958.03.01,641948602.7,434783910.2
1958.04.01,642775015.5,435485376.3
1958.05.01,643601428.3,436186842.3
1958.06.01,644427841.2,436888308.4
1958.07.01,645254254,437589774.5
1958.08.01,646080666.8,438291240.6
1958.09.01,646907079.7,438992706.7
1958.10.01,647733492.5,439694172.8
1958.11.01,648559905.3,440395638.8
1958.12.01,649386318.2,441097104.9
1959.01.01,650212731,441798571
1959.02.01,651062341.3,442527663
1959.03.01,651911951.5,443256755
1959.04.01,652761561.8,443985847
1959.05.01,653611172,444714939
1959.06.01,654460782.3,445444031
1959.07.01,655310392.5,446173123
1959.08.01,656160002.8,446902215
1959.09.01,657009613,447631307
1959.10.01,657859223.3,448360399
1959.11.01,658708833.5,449089491
1959.12.01,659558443.8,449818583
1960.01.01,660408054,450547675
1960.02.01,661286774.6,451305549.3
1960.03.01,662165495.2,452063423.5
1960.04.01,663044215.8,452821297.8
1960.05.01,663922936.3,453579172
1960.06.01,664801656.9,454337046.3
1960.07.01,665680377.5,455094920.5
1960.08.01,666559098.1,455852794.8
1960.09.01,667437818.7,456610669
1960.10.01,668316539.3,457368543.3
1960.11.01,669195259.8,458126417.5
1960.12.01,670073980.4,458884291.8
1961.01.01,670952701,459642166
1961.02.01,671881863.8,460428418.1
1961.03.01,672811026.5,461214670.2
1961.04.01,673740189.3,462000922.3
1961.05.01,674669352,462787174.3
1961.06.01,675598514.8,463573426.4
1961.07.01,676527677.5,464359678.5
1961.08.01,677456840.3,465145930.6
1961.09.01,678386003,465932182.7
1961.10.01,679315165.8,466718434.8
1961.11.01,680244328.5,467504686.8
1961.12.01,681173491.3,468290938.9
1962.01.01,682102654,469077191
1962.02.01,683122356.5,469889558.6
1962.03.01,684142059,470701926.2
1962.04.01,685161761.5,471514293.8
1962.05.01,686181464,472326661.3
1962.06.01,687201166.5,473139028.9
1962.07.01,688220869,473951396.5
1962.08.01,689240571.5,474763764.1
1962.09.01,690260274,475576131.7
1962.10.01,691279976.5,476388499.3
1962.11.01,692299679,477200866.8
1962.12.01,693319381.5,478013234.4
1963.01.01,694339084,478825602
1963.02.01,695498710.5,479660813.4
1963.03.01,696658337,480496024.8
1963.04.01,697817963.5,481331236.3
1963.05.01,698977590,482166447.7
1963.06.01,700137216.5,483001659.1
1963.07.01,701296843,483836870.5
1963.08.01,702456469.5,484672081.9
1963.09.01,703616096,485507293.3
1963.10.01,704775722.5,486342504.8
1963.11.01,705935349,487177716.2
1963.12.01,707094975.5,488012927.6
1964.01.01,708254602,488848139
1964.02.01,709584966,489704404.8
1964.03.01,710915330,490560670.5
1964.04.01,712245694,491416936.3
1964.05.01,713576058,492273202
1964.06.01,714906422,493129467.8
1964.07.01,716236786,493985733.5
1964.08.01,717567150,494841999.3
1964.09.01,718897514,495698265
1964.10.01,720227878,496554530.8
1964.11.01,721558242,497410796.5
1964.12.01,722888606,498267062.3
1965.01.01,724218970,499123328
1965.02.01,725735296.4,499999009.8
1965.03.01,727251622.8,500874691.5
1965.04.01,728767949.3,501750373.3
1965.05.01,730284275.7,502626055
1965.06.01,731800602.1,503501736.8
1965.07.01,733316928.5,504377418.5
1965.08.01,734833254.9,505253100.3
1965.09.01,736349581.3,506128782
1965.10.01,737865907.8,507004463.8
1965.11.01,739382234.2,507880145.5
1965.12.01,740898560.6,508755827.3
1966.01.01,742414887,509631509
1966.02.01,744095411.1,510528931.3
1966.03.01,745775935.2,511426353.7
1966.04.01,747456459.3,512323776
1966.05.01,749136983.3,513221198.3
1966.06.01,750817507.4,514118620.7
1966.07.01,752498031.5,515016043
1966.08.01,754178555.6,515913465.3
1966.09.01,755859079.7,516810887.7
1966.10.01,757539603.8,517708310
1966.11.01,759220127.8,518605732.3
1966.12.01,760900651.9,519503154.7
1967.01.01,762581176,520400577
1967.02.01,764372304.3,521326681.8
1967.03.01,766163432.5,522252786.5
1967.04.01,767954560.8,523178891.3
1967.05.01,769745689,524104996
1967.06.01,771536817.3,525031100.8
1967.07.01,773327945.5,525957205.5
1967.08.01,775119073.8,526883310.3
1967.09.01,776910202,527809415
1967.10.01,778701330.3,528735519.8
1967.11.01,780492458.5,529661624.5
1967.12.01,782283586.8,530587729.3
1968.01.01,784074715,531513834
1968.02.01,785900650.5,532478042.3
1968.03.01,787726586,533442250.5
1968.04.01,789552521.5,534406458.8
1968.05.01,791378457,535370667
1968.06.01,793204392.5,536334875.3
1968.07.01,795030328,537299083.5
1968.08.01,796856263.5,538263291.8
1968.09.01,798682199,539227500
1968.10.01,800508134.5,540191708.3
1968.11.01,802334070,541155916.5
1968.12.01,804160005.5,542120124.8
1969.01.01,805985941,543084333
1969.02.01,807787228,544093121.7
1969.03.01,809588515,545101910.3
1969.04.01,811389802,546110699
1969.05.01,813191089,547119487.7
1969.06.01,814992376,548128276.3
1969.07.01,816793663,549137065
1969.08.01,818594950,550145853.7
1969.09.01,820396237,551154642.3
1969.10.01,822197524,552163431
1969.11.01,823998811,553172219.7
1969.12.01,825800098,554181008.3
1970.01.01,827601385,555189797
1970.02.01,829364578.7,556246315.7
1970.03.01,831127772.3,557302834.3
1970.04.01,832890966,558359353
1970.05.01,834654159.7,559415871.7
1970.06.01,836417353.3,560472390.3
1970.07.01,838180547,561528909
1970.08.01,839943740.7,562585427.7
1970.09.01,841706934.3,563641946.3
1970.10.01,843470128,564698465
1970.11.01,845233321.7,565754983.7
1970.12.01,846996515.3,566811502.3
1971.01.01,848759709,567868021
1971.02.01,850486896.8,568969623.8
1971.03.01,852214084.5,570071226.7
1971.04.01,853941272.3,571172829.5
1971.05.01,855668460,572274432.3
1971.06.01,857395647.8,573376035.2
1971.07.01,859122835.5,574477638
1971.08.01,860850023.3,575579240.8
1971.09.01,862577211,576680843.7
1971.10.01,864304398.8,577782446.5
1971.11.01,866031586.5,578884049.3
1971.12.01,867758774.3,579985652.2
1972.01.01,869485962,581087255
1972.02.01,871152579.2,582227495.1
1972.03.01,872819196.3,583367735.2
1972.04.01,874485813.5,584507975.3
1972.05.01,876152430.7,585648215.3
1972.06.01,877819047.8,586788455.4
1972.07.01,879485665,587928695.5
1972.08.01,881152282.2,589068935.6
1972.09.01,882818899.3,590209175.7
1972.10.01,884485516.5,591349415.8
1972.11.01,886152133.7,592489655.8
1972.12.01,887818750.8,593629895.9
1973.01.01,889485368,594770136
1973.02.01,891066937.8,595939507.6
1973.03.01,892648507.7,597108879.2
1973.04.01,894230077.5,598278250.8
1973.05.01,895811647.3,599447622.3
1973.06.01,897393217.2,600616993.9
1973.07.01,898974787,601786365.5
1973.08.01,900556356.8,602955737.1
1973.09.01,902137926.7,604125108.7
1973.10.01,903719496.5,605294480.3
1973.11.01,905301066.3,606463851.8
1973.12.01,906882636.2,607633223.4
1974.01.01,908464206,608802595
1974.02.01,909945596.3,609994287.1
1974.03.01,911426986.5,611185979.2
1974.04.01,912908376.8,612377671.3
1974.05.01,914389767,613569363.3
1974.06.01,915871157.3,614761055.4
1974.07.01,917352547.5,615952747.5
1974.08.01,918833937.8,617144439.6
1974.09.01,920315328,618336131.7
1974.10.01,921796718.3,619527823.8
1974.11.01,923278108.5,620719515.8
1974.12.01,924759498.8,621911207.9
1975.01.01,926240889,623102900
1975.02.01,927611265.9,624313498.8
1975.03.01,928981642.8,625524097.5
1975.04.01,930352019.8,626734696.3
1975.05.01,931722396.7,627945295
1975.06.01,933092773.6,629155893.8
1975.07.01,934463150.5,630366492.5
1975.08.01,935833527.4,631577091.3
1975.09.01,937203904.3,632787690
1975.10.01,938574281.3,633998288.8
1975.11.01,939944658.2,635208887.5
1975.12.01,941315035.1,636419486.3
1976.01.01,942685412,637630085
1976.02.01,943952566.9,638861641.8
1976.03.01,945219721.8,640093198.5
1976.04.01,946486876.8,641324755.3
1976.05.01,947754031.7,642556312
1976.06.01,949021186.6,643787868.8
1976.07.01,950288341.5,645019425.5
1976.08.01,951555496.4,646250982.3
1976.09.01,952822651.3,647482539
1976.10.01,954089806.3,648714095.8
1976.11.01,955356961.2,649945652.5
1976.12.01,956624116.1,651177209.3
1977.01.01,957891271,652408766
1977.02.01,959084118.5,653666353.4
1977.03.01,960276966,654923940.8
1977.04.01,961469813.5,656181528.3
1977.05.01,962662661,657439115.7
1977.06.01,963855508.5,658696703.1
1977.07.01,965048356,659954290.5
1977.08.01,966241203.5,661211877.9
1977.09.01,967434051,662469465.3
1977.10.01,968626898.5,663727052.8
1977.11.01,969819746,664984640.2
1977.12.01,971012593.5,666242227.6
1978.01.01,972205441,667499815
1978.02.01,973366005.4,668791109.4
1978.03.01,974526569.8,670082403.8
1978.04.01,975687134.3,671373698.3
1978.05.01,976847698.7,672664992.7
1978.06.01,978008263.1,673956287.1
1978.07.01,979168827.5,675247581.5
1978.08.01,980329391.9,676538875.9
1978.09.01,981489956.3,677830170.3
1978.10.01,982650520.8,679121464.8
1978.11.01,983811085.2,680412759.2
1978.12.01,984971649.6,681704053.6
1979.01.01,986132214,682995348
1979.02.01,987295298.5,684325138.8
1979.03.01,988458383,685654929.5
1979.04.01,989621467.5,686984720.3
1979.05.01,990784552,688314511
1979.06.01,991947636.5,689644301.8
1979.07.01,993110721,690974092.5
1979.08.01,994273805.5,692303883.3
1979.09.01,995436890,693633674
1979.10.01,996599974.5,694963464.8
1979.11.01,997763059,696293255.5
1979.12.01,998926143.5,697623046.3
1980.01.01,1000089228,698952837
1980.02.01,1001250310,700322183.7
1980.03.01,1002411392,701691530.3
1980.04.01,1003572474,703060877
1980.05.01,1004733556,704430223.7
1980.06.01,1005894638,705799570.3
1980.07.01,1007055720,707168917
1980.08.01,1008216801,708538263.7
1980.09.01,1009377883,709907610.3
1980.10.01,1010538965,711276957
1980.11.01,1011700047,712646303.7
1980.12.01,1012861129,714015650.3
1981.01.01,1014022211,715384997
1981.02.01,1015182776,716789538.8
1981.03.01,1016343341,718194080.5
1981.04.01,1017503906,719598622.3
1981.05.01,1018664470,721003164
1981.06.01,1019825035,722407705.8
1981.07.01,1020985600,723812247.5
1981.08.01,1022146165,725216789.3
1981.09.01,1023306730,726621331
1981.10.01,1024467295,728025872.8
1981.11.01,1025627859,729430414.5
1981.12.01,1026788424,730834956.3
1982.01.01,1027948989,732239498
1982.02.01,1029155857,733671953
1982.03.01,1030362724,735104408
1982.04.01,1031569592,736536863
1982.05.01,1032776460,737969318
1982.06.01,1033983327,739401773
1982.07.01,1035190195,740834228
1982.08.01,1036397063,742266683
1982.09.01,1037603930,743699138
1982.10.01,1038810798,745131593
1982.11.01,1040017666,746564048
1982.12.01,1041224533,747996503
1983.01.01,1042431401,749428958
1983.02.01,1043743115,750879329.1
1983.03.01,1045054830,752329700.2
1983.04.01,1046366544,753780071.3
1983.05.01,1047678258,755230442.3
1983.06.01,1048989973,756680813.4
1983.07.01,1050301687,758131184.5
1983.08.01,1051613401,759581555.6
1983.09.01,1052925116,761031926.7
1983.10.01,1054236830,762482297.8
1983.11.01,1055548544,763932668.8
1983.12.01,1056860259,765383039.9
1984.01.01,1058171973,766833411
1984.02.01,1059623422,768293961.1
1984.03.01,1061074871,769754511.2
1984.04.01,1062526321,771215061.3
1984.05.01,1063977770,772675611.3
1984.06.01,1065429219,774136161.4
1984.07.01,1066880668,775596711.5
1984.08.01,1068332117,777057261.6
1984.09.01,1069783566,778517811.7
1984.10.01,1071235016,779978361.8
1984.11.01,1072686465,781438911.8
1984.12.01,1074137914,782899461.9
1985.01.01,1075589363,784360012
1985.02.01,1077208092,785827948.5
1985.03.01,1078826820,787295885
1985.04.01,1080445549,788763821.5
1985.05.01,1082064277,790231758
1985.06.01,1083683006,791699694.5
1985.07.01,1085301735,793167631
1985.08.01,1086920463,794635567.5
1985.09.01,1088539192,796103504
1985.10.01,1090157920,797571440.5
1985.11.01,1091776649,799039377
1985.12.01,1093395377,800507313.5
1986.01.01,1095014106,801975250
1986.02.01,1096770887,803450820.4
1986.03.01,1098527668,804926390.8
1986.04.01,1100284448,806401961.3
1986.05.01,1102041229,807877531.7
1986.06.01,1103798010,809353102.1
1986.07.01,1105554791,810828672.5
1986.08.01,1107311571,812304242.9
1986.09.01,1109068352,813779813.3
1986.10.01,1110825133,815255383.8
1986.11.01,1112581914,816730954.2
1986.12.01,1114338694,818206524.6
1987.01.01,1116095475,819682095
1987.02.01,1117897872,821164331.9
1987.03.01,1119700268,822646568.8
1987.04.01,1121502665,824128805.8
1987.05.01,1123305061,825611042.7
1987.06.01,1125107458,827093279.6
1987.07.01,1126909855,828575516.5
1987.08.01,1128712251,830057753.4
1987.09.01,1130514648,831539990.3
1987.10.01,1132317044,833022227.3
1987.11.01,1134119441,834504464.2
1987.12.01,1135921837,835986701.1
1988.01.01,1137724234,837468938
1988.02.01,1139443664,838957749.4
1988.03.01,1141163094,840446560.8
1988.04.01,1142882524,841935372.3
1988.05.01,1144601954,843424183.7
1988.06.01,1146321384,844912995.1
1988.07.01,1148040814,846401806.5
1988.08.01,1149760243,847890617.9
1988.09.01,1151479673,849379429.3
1988.10.01,1153199103,850868240.8
1988.11.01,1154918533,852357052.2
1988.12.01,1156637963,853845863.6
1989.01.01,1158357393,855334675
1989.02.01,1159901250,856829935.3
1989.03.01,1161445108,858325195.7
1989.04.01,1162988965,859820456
1989.05.01,1164532822,861315716.3
1989.06.01,1166076680,862810976.7
1989.07.01,1167620537,864306237
1989.08.01,1169164394,865801497.3
1989.09.01,1170708252,867296757.7
1989.10.01,1172252109,868792018
1989.11.01,1173795966,870287278.3
1989.12.01,1175339824,871782538.7
1990.01.01,1176883681,873277799
1990.02.01,1178218147,874777415.9
1990.03.01,1179552614,876277032.8
1990.04.01,1180887080,877776649.8
1990.05.01,1182221546,879276266.7
1990.06.01,1183556013,880775883.6
1990.07.01,1184890479,882275500.5
1990.08.01,1186224945,883775117.4
1990.09.01,1187559412,885274734.3
1990.10.01,1188893878,886774351.3
1990.11.01,1190228344,888273968.2
1990.12.01,1191562811,889773585.1
1991.01.01,1192897277,891273202
1991.02.01,1194048441,892776020
1991.03.01,1195199605,894278838
1991.04.01,1196350769,895781656
1991.05.01,1197501932,897284474
1991.06.01,1198653096,898787292
1991.07.01,1199804260,900290110
1991.08.01,1200955424,901792928
1991.09.01,1202106588,903295746
1991.10.01,1203257752,904798564
1991.11.01,1204408915,906301382
1991.12.01,1205560079,907804200
1992.01.01,1206711243,909307018
1992.02.01,1207720061,910815088.7
1992.03.01,1208728879,912323159.3
1992.04.01,1209737697,913831230
1992.05.01,1210746515,915339300.7
1992.06.01,1211755333,916847371.3
1992.07.01,1212764151,918355442
1992.08.01,1213772969,919863512.7
1992.09.01,1214781787,921371583.3
1992.10.01,1215790605,922879654
1992.11.01,1216799423,924387724.7
1992.12.01,1217808241,925895795.3
1993.01.01,1218817059,927403866
1993.02.01,1219750640,928920362.8
1993.03.01,1220684220,930436859.7
1993.04.01,1221617801,931953356.5
1993.05.01,1222551381,933469853.3
1993.06.01,1223484962,934986350.2
1993.07.01,1224418543,936502847
1993.08.01,1225352123,938019343.8
1993.09.01,1226285704,939535840.7
1993.10.01,1227219284,941052337.5
1993.11.01,1228152865,942568834.3
1993.12.01,1229086445,944085331.2
1994.01.01,1230020026,945601828
1994.02.01,1230928402,947128557.8
1994.03.01,1231836778,948655287.7
1994.04.01,1232745154,950182017.5
1994.05.01,1233653530,951708747.3
1994.06.01,1234561906,953235477.2
1994.07.01,1235470283,954762207
1994.08.01,1236378659,956288936.8
1994.09.01,1237287035,957815666.7
1994.10.01,1238195411,959342396.5
1994.11.01,1239103787,960869126.3
1994.12.01,1240012163,962395856.2
1995.01.01,1240920539,963922586
1995.02.01,1241813509,965459474.5
1995.03.01,1242706479,966996363
1995.04.01,1243599449,968533251.5
1995.05.01,1244492419,970070140
1995.06.01,1245385389,971607028.5
1995.07.01,1246278359,973143917
1995.08.01,1247171328,974680805.5
1995.09.01,1248064298,976217694
1995.10.01,1248957268,977754582.5
1995.11.01,1249850238,979291471
1995.12.01,1250743208,980828359.5
1996.01.01,1251636178,982365248
1996.02.01,1252499498,983909813
1996.03.01,1253362818,985454378
1996.04.01,1254226138,986998943
1996.05.01,1255089458,988543508
1996.06.01,1255952778,990088073
1996.07.01,1256816098,991632638
1996.08.01,1257679417,993177203
1996.09.01,1258542737,994721768
1996.10.01,1259406057,996266333
1996.11.01,1260269377,997810898
1996.12.01,1261132697,999355463
1997.01.01,1261996017,1000900028
1997.02.01,1262828211,1002448658
1997.03.01,1263660406,1003997288
1997.04.01,1264492600,1005545918
1997.05.01,1265324794,1007094547
1997.06.01,1266156989,1008643177
1997.07.01,1266989183,1010191807
1997.08.01,1267821377,1011740437
1997.09.01,1268653572,1013289067
1997.10.01,1269485766,1014837697
1997.11.01,1270317960,1016386326
1997.12.01,1271150155,1017934956
1998.01.01,1271982349,1019483586
1998.02.01,1272776723,1021031467
1998.03.01,1273571096,1022579347
1998.04.01,1274365470,1024127228
1998.05.01,1275159844,1025675109
1998.06.01,1275954217,1027222989
1998.07.01,1276748591,1028770870
1998.08.01,1277542965,1030318751
1998.09.01,1278337338,1031866631
1998.10.01,1279131712,1033414512
1998.11.01,1279926086,1034962393
1998.12.01,1280720459,1036510273
1999.01.01,1281514833,1038058154
1999.02.01,1282267828,1039601270
1999.03.01,1283020822,1041144386
1999.04.01,1283773817,1042687503
1999.05.01,1284526811,1044230619
1999.06.01,1285279806,1045773735
1999.07.01,1286032800,1047316851
1999.08.01,1286785795,1048859967
1999.09.01,1287538789,1050403083
1999.10.01,1288291784,1051946200
1999.11.01,1289044778,1053489316
1999.12.01,1289797773,1055032432
2000.01.01,1290550767,1056575548
2000.02.01,1291265682,1058110927
2000.03.01,1291980597,1059646306
2000.04.01,1292695512,1061181685
2000.05.01,1293410427,1062717063
2000.06.01,1294125342,1064252442
2000.07.01,1294840257,1065787821
2000.08.01,1295555172,1067323200
2000.09.01,1296270087,1068858579
2000.10.01,1296985002,1070393958
2000.11.01,1297699917,1071929336
2000.12.01,1298414832,1073464715
2001.01.01,1299129747,1075000094
2001.02.01,1299814956,1076526518
2001.03.01,1300500165,1078052943
2001.04.01,1301185374,1079579367
2001.05.01,1301870583,1081105792
2001.06.01,1302555792,1082632216
2001.07.01,1303241002,1084158641
2001.08.01,1303926211,1085685065
2001.09.01,1304611420,1087211489
2001.10.01,1305296629,1088737914
2001.11.01,1305981838,1090264338
2001.12.01,1306667047,1091790763
2002.01.01,1307352256,1093317187
2002.02.01,1308014862,1094834350
2002.03.01,1308677467,1096351514
2002.04.01,1309340073,1097868677
2002.05.01,1310002678,1099385840
2002.06.01,1310665284,1100903003
2002.07.01,1311327889,1102420167
2002.08.01,1311990495,1103937330
2002.09.01,1312653100,1105454493
2002.10.01,1313315706,1106971656
2002.11.01,1313978311,1108488820
2002.12.01,1314640917,1110005983
2003.01.01,1315303522,1111523146
2003.02.01,1315951948,1113031506
2003.03.01,1316600375,1114539866
2003.04.01,1317248801,1116048226
2003.05.01,1317897228,1117556586
2003.06.01,1318545654,1119064946
2003.07.01,1319194081,1120573306
2003.08.01,1319842507,1122081666
2003.09.01,1320490933,1123590026
2003.10.01,1321139360,1125098386
2003.11.01,1321787786,1126606746
2003.12.01,1322436213,1128115106
2004.01.01,1323084639,1129623466
2004.02.01,1323725617,1131122338
2004.03.01,1324366596,1132621209
2004.04.01,1325007574,1134120081
2004.05.01,1325648553,1135618952
2004.06.01,1326289531,1137117824
2004.07.01,1326930510,1138616695
2004.08.01,1327571488,1140115567
2004.09.01,1328212466,1141614438
2004.10.01,1328853445,1143113310
2004.11.01,1329494423,1144612181
2004.12.01,1330135402,1146111053
2005.01.01,1330776380,1147609924
2005.02.01,1331412402,1149099621
2005.03.01,1332048424,1150589319
2005.04.01,1332684446,1152079016
2005.05.01,1333320468,1153568713
2005.06.01,1333956490,1155058410
2005.07.01,1334592512,1156548108
2005.08.01,1335228534,1158037805
2005.09.01,1335864556,1159527502
2005.10.01,1336500578,1161017199
2005.11.01,1337136600,1162506897
2005.12.01,1337772622,1163996594
2006.01.01,1338408644,1165486291
2006.02.01,1339040748,1166963223
2006.03.01,1339672852,1168440154
2006.04.01,1340304956,1169917086
2006.05.01,1340937060,1171394018
2006.06.01,1341569164,1172870949
2006.07.01,1342201268,1174347881
2006.08.01,1342833371,1175824813
2006.09.01,1343465475,1177301744
2006.10.01,1344097579,1178778676
2006.11.01,1344729683,1180255608
2006.12.01,1345361787,1181732539
2007.01.01,1345993891,1183209471
2007.02.01,1346625190,1184664495
2007.03.01,1347256489,1186119520
2007.04.01,1347887788,1187574544
2007.05.01,1348519087,1189029568
2007.06.01,1349150386,1190484592
2007.07.01,1349781686,1191939617
2007.08.01,1350412985,1193394641
2007.09.01,1351044284,1194849665
2007.10.01,1351675583,1196304689
2007.11.01,1352306882,1197759714
2007.12.01,1352938181,1199214738
2008.01.01,1353569480,1200669762
2008.02.01,1354202808,1202091133
2008.03.01,1354836135,1203512505
2008.04.01,1355469463,1204933876
2008.05.01,1356102790,1206355247
2008.06.01,1356736118,1207776618
2008.07.01,1357369445,1209197990
2008.08.01,1358002773,1210619361
2008.09.01,1358636100,1212040732
2008.10.01,1359269428,1213462103
2008.11.01,1359902755,1214883475
2008.12.01,1360536083,1216304846
2009.01.01,1361169410,1217726217
2009.02.01,1361806176,1219105796
2009.03.01,1362442942,1220485375
2009.04.01,1363079709,1221864954
2009.05.01,1363716475,1223244532
2009.06.01,1364353241,1224624111
2009.07.01,1364990007,1226003690
2009.08.01,1365626773,1227383269
2009.09.01,1366263539,1228762848
2009.10.01,1366900306,1230142427
2009.11.01,1367537072,1231522005
2009.12.01,1368173838,1232901584
2010.01.01,1368810604,1234281163
2010.02.01,1369451190,1235615061
2010.03.01,1370091776,1236948959
2010.04.01,1370732361,1238282857
2010.05.01,1371372947,1239616755
2010.06.01,1372013533,1240950653
2010.07.01,1372654119,1242284551
2010.08.01,1373294704,1243618449
2010.09.01,1373935290,1244952347
2010.10.01,1374575876,1246286245
2010.11.01,1375216462,1247620143
2010.12.01,1375857047,1248954041
2011.01.01,1376497633,1250287939
2011.02.01,1377140031,1251578964
2011.03.01,1377782429,1252869990
2011.04.01,1378424827,1254161015
2011.05.01,1379067225,1255452040
2011.06.01,1379709623,1256743066
2011.07.01,1380352021,1258034091
2011.08.01,1380994418,1259325116
2011.09.01,1381636816,1260616142
2011.10.01,1382279214,1261907167
2011.11.01,1382921612,1263198192
2011.12.01,1383564010,1264489218
2012.01.01,1384206408,1265780243
2012.02.01,1384846152,1267035399
2012.03.01,1385485896,1268290556
2012.04.01,1386125640,1269545712
2012.05.01,1386765384,1270800868
2012.06.01,1387405128,1272056025
2012.07.01,1388044872,1273311181
2012.08.01,1388684615,1274566337
2012.09.01,1389324359,1275821494
2012.10.01,1389964103,1277076650
2012.11.01,1390603847,1278331806
2012.12.01,1391243591,1279586963
2013.01.01,1391883335,1280842119
2013.02.01,1392514221,1282072006
2013.03.01,1393145107,1283301894
2013.04.01,1393775993,1284531781
2013.05.01,1394406879,1285761669
2013.06.01,1395037765,1286991556
2013.07.01,1395668651,1288221444
2013.08.01,1396299536,1289451331
2013.09.01,1396930422,1290681218
2013.10.01,1397561308,1291911106
2013.11.01,1398192194,1293140993
2013.12.01,1398823080,1294370881
2014.01.01,1399453966,1295600768
2014.02.01,1400070125,1296813403
2014.03.01,1400686283,1298026039
2014.04.01,1401302442,1299238674
2014.05.01,1401918600,1300451309
2014.06.01,1402534759,1301663945
2014.07.01,1403150917,1302876580
2014.08.01,1403767076,1304089215
2014.09.01,1404383234,1305301851
2014.10.01,1404999393,1306514486
2014.11.01,1405615551,1307727121
2014.12.01,1406231710,1308939757
2015.01.01,1406847868,1310152392
2015.02.01,1407447992,1311349464
2015.03.01,1408048116,1312546535
2015.04.01,1408648239,1313743607
2015.05.01,1409248363,1314940678
2015.06.01,1409848487,1316137750
2015.07.01,1410448611,1317334821
2015.08.01,1411048734,1318531893
2015.09.01,1411648858,1319728964
2015.10.01,1412248982,1320926036
2015.11.01,1412849106,1322123107
2015.12.01,1413449229,1323320179
2016.01.01,1414049353,1324517250
2016.02.01,1414630390,1325697211
2016.03.01,1415211427,1326877172
2016.04.01,1415792463,1328057132
2016.05.01,1416373500,1329237093
2016.06.01,1416954537,1330417054
2016.07.01,1417535574,1331597015
2016.08.01,1418116610,1332776975
2016.09.01,1418697647,1333956936
2016.10.01,1419278684,1335136897
2016.11.01,1419859721,1336316858
2016.12.01,1420440757,1337496818
2017.01.01,1421021794,1338676779
2017.02.01,1421573960,1339840571
2017.03.01,1422126127,1341004363
2017.04.01,1422678293,1342168155
2017.05.01,1423230459,1343331947
2017.06.01,1423782625,1344495739
2017.07.01,1424334792,1345659531
2017.08.01,1424886958,1346823323
2017.09.01,1425439124,1347987115
2017.10.01,1425991290,1349150907
2017.11.01,1426543457,1350314699
2017.12.01,1427095623,1351478491
2018.01.01,1427647789,1352642283
2018.02.01,1428159114,1353790239
2018.03.01,1428670440,1354938195
2018.04.01,1429181765,1356086151
2018.05.01,1429693090,1357234107
2018.06.01,1430204415,1358382063
2018.07.01,1430715741,1359530020
2018.08.01,1431227066,1360677976
2018.09.01,1431738391,1361825932
2018.10.01,1432249716,1362973888
2018.11.01,1432761042,1364121844
2018.12.01,1433272367,1365269800
2019.01.01,1433783692,1366417756
2019.02.01,1434245366,1367549975
2019.03.01,1434707039,1368682194
2019.04.01,1435168713,1369814413
2019.05.01,1435630386,1370946632
2019.06.01,1436092060,1372078851
2019.07.01,1436553733,1373211071
2019.08.01,1437015407,1374343290
2019.09.01,1437477080,1375475509
2019.10.01,1437938754,1376607728
2019.11.01,1438400427,1377739947
2019.12.01,1438862101,1378872166
2020.01.01,1438900573,1378966518
2020.02.01,1438939046,1379060869
2020.03.01,1438977519,1379155221
2020.04.01,1439015992,1379249572
2020.05.01,1439054464,1379343924
2020.06.01,1439092937,1379438275
2020.07.01,1439131410,1379532627
2020.08.01,1439169883,1379626979
2020.09.01,1439208356,1379721330
2020.10.01,1439246828,1379815682
2020.11.01,1439285301,1379910033

